0 0 -0.25
4.7581e-17 0 -0.75
0 0 -0.75
0 0 -0.75
4.7581e-17 0 -0.75
0 0 -0.25
4.7581e-17 0 -0.75
0 0 -0.75
0 0 -0.75
4.7581e-17 0 -0.75
0 0 0
4.7581e-17 0 -0.75
3.27119e-17 0 -2.25
-1.8735e-16 0 -2.25
-1.8735e-16 0 -2.25
3.27119e-17 0 -2.25
4.7581e-17 0 -0.75
3.27119e-17 0 -2.25
-1.8735e-16 0 -2.25
-1.8735e-16 0 -2.25
3.27119e-17 0 -2.25
0 0 0
0 0 -0.75
-1.8735e-16 0 -2.25
-5.6205e-16 0 -2.25
-5.6205e-16 0 -2.25
-1.8735e-16 0 -2.25
0 0 -0.75
-1.8735e-16 0 -2.25
-5.6205e-16 0 -2.25
-5.6205e-16 0 -2.25
-1.8735e-16 0 -2.25
0 0 0
0 0 -0.75
-1.8735e-16 0 -2.25
-5.6205e-16 0 -2.25
-5.6205e-16 0 -2.25
-1.8735e-16 0 -2.25
0 0 -0.75
-1.8735e-16 0 -2.25
-5.6205e-16 0 -2.25
-5.6205e-16 0 -2.25
-1.8735e-16 0 -2.25
0 0 0
4.7581e-17 0 -0.75
3.27119e-17 0 -2.25
-1.8735e-16 0 -2.25
-1.8735e-16 0 -2.25
3.27119e-17 0 -2.25
4.7581e-17 0 -0.75
3.27119e-17 0 -2.25
-1.8735e-16 0 -2.25
-1.8735e-16 0 -2.25
3.27119e-17 0 -2.25
0 0 0
0 0 -0.25
4.7581e-17 0 -0.75
0 0 -0.75
0 0 -0.75
4.7581e-17 0 -0.75
0 0 -0.25
4.7581e-17 0 -0.75
0 0 -0.75
0 0 -0.75
4.7581e-17 0 -0.75
0 0 0
4.7581e-17 0 -0.75
3.27119e-17 0 -2.25
-1.8735e-16 0 -2.25
-1.8735e-16 0 -2.25
3.27119e-17 0 -2.25
4.7581e-17 0 -0.75
3.27119e-17 0 -2.25
-1.8735e-16 0 -2.25
-1.8735e-16 0 -2.25
3.27119e-17 0 -2.25
0 0 0
0 0 -0.75
-1.8735e-16 0 -2.25
-5.6205e-16 0 -2.25
-5.6205e-16 0 -2.25
-1.8735e-16 0 -2.25
0 0 -0.75
-1.8735e-16 0 -2.25
-5.6205e-16 0 -2.25
-5.6205e-16 0 -2.25
-1.8735e-16 0 -2.25
0 0 0
0 0 -0.75
-1.8735e-16 0 -2.25
-5.6205e-16 0 -2.25
-5.6205e-16 0 -2.25
-1.8735e-16 0 -2.25
0 0 -0.75
-1.8735e-16 0 -2.25
-5.6205e-16 0 -2.25
-5.6205e-16 0 -2.25
-1.8735e-16 0 -2.25
0 0 0
4.7581e-17 0 -0.75
3.27119e-17 0 -2.25
-1.8735e-16 0 -2.25
-1.8735e-16 0 -2.25
3.27119e-17 0 -2.25
4.7581e-17 0 -0.75
3.27119e-17 0 -2.25
-1.8735e-16 0 -2.25
-1.8735e-16 0 -2.25
3.27119e-17 0 -2.25
0 0 0
0 0 0
0 0 0
0 0 0
0 0 0
0 0 0
0 0 0
0 0 0
0 0 0
0 0 0
0 0 0
0 0 0
