0 0.1875 0
4.7581e-17 0.5625 0
0 0.5625 0
0 0.5625 0
4.7581e-17 0.5625 0
0 0.1875 0
4.7581e-17 0.5625 0
0 0.5625 0
0 0.5625 0
4.7581e-17 0.5625 0
0 0 0
4.7581e-17 0.5625 0
3.27119e-17 1.6875 0
-1.8735e-16 1.6875 0
-1.8735e-16 1.6875 0
3.27119e-17 1.6875 0
4.7581e-17 0.5625 0
3.27119e-17 1.6875 0
-1.8735e-16 1.6875 0
-1.8735e-16 1.6875 0
3.27119e-17 1.6875 0
0 0 0
0 0.5625 0
-1.8735e-16 1.6875 0
-5.6205e-16 1.6875 0
-5.6205e-16 1.6875 0
-1.8735e-16 1.6875 0
0 0.5625 0
-1.8735e-16 1.6875 0
-5.6205e-16 1.6875 0
-5.6205e-16 1.6875 0
-1.8735e-16 1.6875 0
0 0 0
0 0.5625 0
-1.8735e-16 1.6875 0
-5.6205e-16 1.6875 0
-5.6205e-16 1.6875 0
-1.8735e-16 1.6875 0
0 0.5625 0
-1.8735e-16 1.6875 0
-5.6205e-16 1.6875 0
-5.6205e-16 1.6875 0
-1.8735e-16 1.6875 0
0 0 0
4.7581e-17 0.5625 0
3.27119e-17 1.6875 0
-1.8735e-16 1.6875 0
-1.8735e-16 1.6875 0
3.27119e-17 1.6875 0
4.7581e-17 0.5625 0
3.27119e-17 1.6875 0
-1.8735e-16 1.6875 0
-1.8735e-16 1.6875 0
3.27119e-17 1.6875 0
0 0 0
0 0.1875 0
4.7581e-17 0.5625 0
0 0.5625 0
0 0.5625 0
4.7581e-17 0.5625 0
0 0.1875 0
4.7581e-17 0.5625 0
0 0.5625 0
0 0.5625 0
4.7581e-17 0.5625 0
0 0 0
4.7581e-17 0.5625 0
3.27119e-17 1.6875 0
-1.8735e-16 1.6875 0
-1.8735e-16 1.6875 0
3.27119e-17 1.6875 0
4.7581e-17 0.5625 0
3.27119e-17 1.6875 0
-1.8735e-16 1.6875 0
-1.8735e-16 1.6875 0
3.27119e-17 1.6875 0
0 0 0
0 0.5625 0
-1.8735e-16 1.6875 0
-5.6205e-16 1.6875 0
-5.6205e-16 1.6875 0
-1.8735e-16 1.6875 0
0 0.5625 0
-1.8735e-16 1.6875 0
-5.6205e-16 1.6875 0
-5.6205e-16 1.6875 0
-1.8735e-16 1.6875 0
0 0 0
0 0.5625 0
-1.8735e-16 1.6875 0
-5.6205e-16 1.6875 0
-5.6205e-16 1.6875 0
-1.8735e-16 1.6875 0
0 0.5625 0
-1.8735e-16 1.6875 0
-5.6205e-16 1.6875 0
-5.6205e-16 1.6875 0
-1.8735e-16 1.6875 0
0 0 0
4.7581e-17 0.5625 0
3.27119e-17 1.6875 0
-1.8735e-16 1.6875 0
-1.8735e-16 1.6875 0
3.27119e-17 1.6875 0
4.7581e-17 0.5625 0
3.27119e-17 1.6875 0
-1.8735e-16 1.6875 0
-1.8735e-16 1.6875 0
3.27119e-17 1.6875 0
0 0 0
0 0 0
0 0 0
0 0 0
0 0 0
0 0 0
0 0 0
0 0 0
0 0 0
0 0 0
0 0 0
0 0 0
