0 0 0
0.3 0 0
0.6 0 0
0.9 0 0
1.2 0 0
1.5 0 0
1.8 0 0
2.1 0 0
2.4 0 0
2.7 0 0
3 0 0
0 0.3 0.27
0.3 0.3 0.35019
0.6 0.3 0.41256
0.9 0.3 0.45711
1.2 0.3 0.48384
1.5 0.3 0.49275
1.8 0.3 0.48384
2.1 0.3 0.45711
2.4 0.3 0.41256
2.7 0.3 0.35019
3 0.3 0.27
0 0.6 0.48
0.3 0.6 0.63552
0.6 0.6 0.75648
0.9 0.6 0.84288
1.2 0.6 0.89472
1.5 0.6 0.912
1.8 0.6 0.89472
2.1 0.6 0.84288
2.4 0.6 0.75648
2.7 0.6 0.63552
3 0.6 0.48
0 0.9 0.63
0.3 0.9 0.85113
0.6 0.9 1.02312
0.9 0.9 1.14597
1.2 0.9 1.21968
1.5 0.9 1.24425
1.8 0.9 1.21968
2.1 0.9 1.14597
2.4 0.9 1.02312
2.7 0.9 0.85113
3 0.9 0.63
0 1.2 0.72
0.3 1.2 0.99216
0.6 1.2 1.20384
0.9 1.2 1.35504
1.2 1.2 1.44576
1.5 1.2 1.476
1.8 1.2 1.44576
2.1 1.2 1.35504
2.4 1.2 1.20384
2.7 1.2 0.99216
3 1.2 0.72
0 1.5 0.75
0.3 1.5 1.05375
0.6 1.5 1.29
0.9 1.5 1.45875
1.2 1.5 1.56
1.5 1.5 1.59375
1.8 1.5 1.56
2.1 1.5 1.45875
2.4 1.5 1.29
2.7 1.5 1.05375
3 1.5 0.75
0 1.8 0.72
0.3 1.8 1.03104
0.6 1.8 1.27296
0.9 1.8 1.44576
1.2 1.8 1.54944
1.5 1.8 1.584
1.8 1.8 1.54944
2.1 1.8 1.44576
2.4 1.8 1.27296
2.7 1.8 1.03104
3 1.8 0.72
0 2.1 0.63
0.3 2.1 0.91917
0.6 2.1 1.14408
0.9 2.1 1.30473
1.2 2.1 1.40112
1.5 2.1 1.43325
1.8 2.1 1.40112
2.1 2.1 1.30473
2.4 2.1 1.14408
2.7 2.1 0.91917
3 2.1 0.63
0 2.4 0.48
0.3 2.4 0.71328
0.6 2.4 0.89472
0.9 2.4 1.02432
1.2 2.4 1.10208
1.5 2.4 1.128
1.8 2.4 1.10208
2.1 2.4 1.02432
2.4 2.4 0.89472
2.7 2.4 0.71328
3 2.4 0.48
0 2.7 0.27
0.3 2.7 0.40851
0.6 2.7 0.51624
0.9 2.7 0.59319
1.2 2.7 0.63936
1.5 2.7 0.65475
1.8 2.7 0.63936
2.1 2.7 0.59319
2.4 2.7 0.51624
2.7 2.7 0.40851
3 2.7 0.27
0 3 0
0.3 3 0
0.6 3 0
0.9 3 0
1.2 3 0
1.5 3 0
1.8 3 0
2.1 3 0
2.4 3 0
2.7 3 0
3 3 0
